[gd_scene load_steps=19 format=3 uid="uid://b2pg8t866gqbf"]

[ext_resource type="Script" path="res://game_manager.gd" id="1_krrju"]
[ext_resource type="PackedScene" uid="uid://c5kqo4s4wkjd5" path="res://actor.tscn" id="1_ofkfo"]
[ext_resource type="PackedScene" uid="uid://by1k17wl5mso1" path="res://wall_segment.tscn" id="2_uxo1b"]
[ext_resource type="Script" path="res://camera.gd" id="3_2sdfu"]
[ext_resource type="Material" uid="uid://mxco6sm3daii" path="res://faction_uniform_player.tres" id="5_vcap6"]
[ext_resource type="Material" uid="uid://bc4htv7rxrpe0" path="res://faction_uniform_neutral.tres" id="6_iss8g"]
[ext_resource type="Material" uid="uid://bypwg2os2xcfs" path="res://faction_uniform_cartel.tres" id="6_nxp1p"]

[sub_resource type="ProceduralSkyMaterial" id="ProceduralSkyMaterial_o260w"]
sky_horizon_color = Color(0.64625, 0.65575, 0.67075, 1)
ground_horizon_color = Color(0.64625, 0.65575, 0.67075, 1)

[sub_resource type="Sky" id="Sky_utnkv"]
sky_material = SubResource("ProceduralSkyMaterial_o260w")

[sub_resource type="Environment" id="Environment_etn38"]
background_mode = 2
sky = SubResource("Sky_utnkv")
tonemap_mode = 2
glow_enabled = true

[sub_resource type="StandardMaterial3D" id="StandardMaterial3D_x4nrf"]
albedo_color = Color(0.165656, 0.165656, 0.165656, 1)

[sub_resource type="PlaneMesh" id="PlaneMesh_u0leq"]
material = SubResource("StandardMaterial3D_x4nrf")
size = Vector2(20, 20)

[sub_resource type="NavigationMesh" id="NavigationMesh_qgygl"]
vertices = PackedVector3Array(2.5, 0.5, -1.5, 4.5, 0.5, -1.5, 4.5, 0.5, -9.5, -9.5, 0.5, 0, 2.25, 0.5, 0, 2.5, 0.5, -1.5, 2.5, 0.5, -1.5, 4.5, 0.5, -9.5, -9.5, 0.5, -9.5, -9.5, 0.5, 0, 4.5, 0.5, -1.5, 9.5, 0.5, -1.5, 9.5, 0.5, -9.5, 4.5, 0.5, -9.5, 3.25, 2.5, -0.5, 3.25, 2.5, 0.75, 8.75, 2.5, 0.75, 8.75, 2.5, -0.5, 3.5, 0.5, -0.25, 3.5, 0.5, 0.5, 4.25, 0.5, 0.5, 4.25, 0.5, -0.25, 5.5, 0.5, -0.25, 5.5, 0.5, 0.5, 6.25, 0.5, 0.5, 6.25, 0.5, -0.25, 7.75, 0.5, -0.25, 7.75, 0.5, 0.5, 8.5, 0.5, 0.5, 8.5, 0.5, -0.25, 3.75, 0.5, 9.5, 4, 0.5, 1.75, 2.25, 0.5, 1.5, -9.5, 0.5, 0, -9.5, 0.5, 9.5, 2.25, 0.5, 1.5, 2.25, 0.5, 0, -9.5, 0.5, 0, 9.5, 0.5, 9.5, 9.5, 0.5, 1.75, 4, 0.5, 1.75, 3.75, 0.5, 9.5)
polygons = [PackedInt32Array(2, 1, 0), PackedInt32Array(5, 4, 3), PackedInt32Array(9, 8, 6), PackedInt32Array(6, 8, 7), PackedInt32Array(13, 12, 10), PackedInt32Array(10, 12, 11), PackedInt32Array(17, 16, 14), PackedInt32Array(14, 16, 15), PackedInt32Array(21, 20, 18), PackedInt32Array(18, 20, 19), PackedInt32Array(25, 24, 22), PackedInt32Array(22, 24, 23), PackedInt32Array(29, 28, 26), PackedInt32Array(26, 28, 27), PackedInt32Array(31, 30, 32), PackedInt32Array(32, 30, 34), PackedInt32Array(32, 34, 33), PackedInt32Array(37, 36, 35), PackedInt32Array(39, 38, 40), PackedInt32Array(40, 38, 41)]
geometry_source_geometry_mode = 2
geometry_source_group_name = &"navmesh"

[sub_resource type="ConvexPolygonShape3D" id="ConvexPolygonShape3D_q4dp1"]
points = PackedVector3Array(10.1548, 0.158668, 10.1548, -10.1548, -0.158668, -10.1548, -10.1548, 0.158668, -10.1548, 10.1548, -0.158668, -10.1548, -10.1548, -0.158668, 10.1548, -10.1548, 0.158668, 10.1548, 10.1548, 0.158668, -10.1548, 10.1548, -0.158668, 10.1548)

[sub_resource type="StandardMaterial3D" id="StandardMaterial3D_71frl"]
albedo_color = Color(0.835206, 0.0013646, 0.941685, 1)

[sub_resource type="SphereMesh" id="SphereMesh_g5d31"]
material = SubResource("StandardMaterial3D_71frl")

[sub_resource type="StandardMaterial3D" id="StandardMaterial3D_4r0qn"]
albedo_color = Color(0.996894, 0, 0.226434, 1)

[sub_resource type="SphereMesh" id="SphereMesh_usyuv"]
material = SubResource("StandardMaterial3D_4r0qn")

[node name="Main" type="Node3D" node_paths=PackedStringArray("_camera", "_indicator", "_aim_indicator")]
script = ExtResource("1_krrju")
_camera = NodePath("CameraArm/Camera")
_indicator = NodePath("MoveIndicator")
_aim_indicator = NodePath("AimIndicator")

[node name="Environment" type="Node3D" parent="."]

[node name="DirectionalLight3D" type="DirectionalLight3D" parent="Environment"]
transform = Transform3D(-0.866025, -0.295521, 0.403321, 1.49012e-08, 0.806641, 0.591042, -0.5, 0.511858, -0.698571, 0, 0, 0)
light_energy = 2.0
shadow_enabled = true

[node name="WorldEnvironment" type="WorldEnvironment" parent="Environment"]
environment = SubResource("Environment_etn38")

[node name="Level" type="Node3D" parent="."]

[node name="WallSegment" parent="Level" instance=ExtResource("2_uxo1b")]
transform = Transform3D(1, 0, 0, 0, 1, 0, 0, 0, 1, 3.79431, 0, 0)

[node name="WallSegment2" parent="Level" instance=ExtResource("2_uxo1b")]
transform = Transform3D(1, 0, 0, 0, 1, 0, 0, 0, 1, 5.89312, 0, 0)

[node name="WallSegment3" parent="Level" instance=ExtResource("2_uxo1b")]
transform = Transform3D(1, 0, 0, 0, 1, 0, 0, 0, 1, 8.00648, 0, 0)

[node name="Floor" type="MeshInstance3D" parent="Level" groups=["navmesh"]]
mesh = SubResource("PlaneMesh_u0leq")
skeleton = NodePath("../../../NavigationRegion3D")

[node name="CameraArm" type="Marker3D" parent="."]
script = ExtResource("3_2sdfu")

[node name="Camera" type="Camera3D" parent="CameraArm"]
unique_name_in_owner = true
transform = Transform3D(0.673685, -0.471542, 0.569031, 0, 0.769983, 0.638065, -0.739018, -0.429855, 0.518726, 9.27661, 10.402, 8.45651)

[node name="NavigationRegion3D" type="NavigationRegion3D" parent="."]
navigation_mesh = SubResource("NavigationMesh_qgygl")

[node name="Actors" type="Node3D" parent="."]

[node name="Actor" parent="Actors" instance=ExtResource("1_ofkfo")]
uniform_material = ExtResource("5_vcap6")

[node name="Physical Bone head" parent="Actors/Actor/Model2/Armature/Skeleton3D" index="1"]
transform = Transform3D(1, 2.94008e-10, 2.37718e-07, 2.33216e-07, -0.207065, -0.978164, 4.93474e-08, 0.978164, -0.207065, -4.31631e-09, 1.73717, -0.0201051)
joint_offset = Transform3D(1, 0, 0, 0, 1, 0, 0, 0, 1, -2.77627e-08, 0.0175727, 0.134924)
body_offset = Transform3D(1, -2.38084e-07, 2.36774e-07, 2.38378e-07, 0.00395888, -0.999833, 2.37453e-07, 0.999833, 0.00395888, 0, 0.134832, -0.0181039)

[node name="Physical Bone body" parent="Actors/Actor/Model2/Armature/Skeleton3D" index="2"]
transform = Transform3D(0.999747, 0.0012044, -0.0232661, -0.023298, 0.0516437, -0.998435, -4.76954e-07, 0.998696, 0.0516551, -3.21865e-06, 1.30329, -0.0154263)
joint_offset = Transform3D(1, 0, 0, 0, 1, 0, 0, 0, 1, 0.00695144, 3.80126e-06, 0.298566)
body_offset = Transform3D(0.999747, 0.0012044, -0.0232661, -0.0232669, -1.22264e-05, -0.99977, -0.00120392, 1.00003, 1.27032e-05, -3.21865e-06, 0.298659, 7.7486e-07)

[node name="Physical Bone upper_arm_l" parent="Actors/Actor/Model2/Armature/Skeleton3D" index="3"]
transform = Transform3D(-0.971409, -0.00390928, -0.236494, -0.236325, 0.0160767, 0.971585, -2.94854e-05, 1.00027, -0.0165372, 0.229919, 1.40209, -0.0304811)
joint_offset = Transform3D(1, 0, 0, 0, 1, 0, 0, 0, 1, -0.00837997, 5.69869e-05, 0.15358)
body_offset = Transform3D(0.999742, -2.33483e-06, -8.22045e-05, -0.000206039, 5.99399e-06, -1.00009, -2.89539e-05, 1.00041, 8.64267e-06, 0.00839043, 0.153592, -5.85802e-05)

[node name="Physical Bone lower_arm_l" parent="Actors/Actor/Model2/Armature/Skeleton3D" index="4"]
transform = Transform3D(-0.987397, 0.150487, -0.0390454, -0.155555, -0.956307, 0.248166, 0.000415909, 0.251217, 0.967895, 0.272437, 1.26296, -0.0280194)
joint_offset = Transform3D(1, 0, 0, 0, 1, 0, 0, 0, 1, 3.84586e-06, 9.4152e-06, -2.23649e-06)
body_offset = Transform3D(0.999574, 2.67331e-05, -1.10529e-05, 0.000245713, 1.00014, -3.11881e-05, 0.000363518, -1.59591e-05, 0.999966, -3.8445e-06, -9.41753e-06, 2.23517e-06)

[node name="Physical Bone upper_leg_l" parent="Actors/Actor/Model2/Armature/Skeleton3D" index="5"]
transform = Transform3D(-0.990708, 0.0885395, -0.103567, -0.090128, 0.143864, 0.985772, 0.102148, 0.985538, -0.134636, 0.115832, 0.821096, 0.00617606)
joint_offset = Transform3D(1, 0, 0, 0, 1, 0, 0, 0, 1, 2.40857e-06, 2.34637e-05, 0.239955)
body_offset = Transform3D(1, -3.91155e-06, 1.80397e-06, -4.83729e-06, 2.19047e-06, -1.0003, -8.50111e-06, 0.999911, -4.00841e-05, -2.84135e-06, 0.240027, -1.38432e-05)

[node name="Physical Bone lower_leg_l" parent="Actors/Actor/Model2/Armature/Skeleton3D" index="6"]
transform = Transform3D(-0.991802, 0.116498, -0.0545827, -0.0778207, -0.20532, 0.975871, 0.102439, 0.971757, 0.212689, 0.154165, 0.343664, -0.0139853)
joint_offset = Transform3D(1, 0, 0, 0, 1, 0, 0, 0, 1, 6.20451e-06, 1.34353e-05, 0.246724)
body_offset = Transform3D(1.00008, -4.19021e-05, -3.41982e-06, 1.59629e-05, -1.38879e-05, -1.00027, 2.29627e-05, 1.00002, -5.61476e-05, -5.36069e-06, 0.246791, 4.17233e-07)

[node name="Physical Bone upper_arm_r" parent="Actors/Actor/Model2/Armature/Skeleton3D" index="7"]
transform = Transform3D(-0.975564, 0.00359605, 0.217019, 0.217399, 0.0161306, 0.97314, -9.78994e-06, 0.994814, -0.0164362, -0.224844, 1.40732, -0.0304081)
joint_offset = Transform3D(1, 0, 0, 0, 1, 0, 0, 0, 1, 0.00922375, -0.000124661, 0.147934)
body_offset = Transform3D(0.999493, -2.69152e-07, 8.07568e-05, 0.000237779, -6.58818e-05, -0.99718, -1.09067e-05, 0.994951, 6.14412e-05, -0.00923102, 0.147515, 0.000115043)

[node name="Physical Bone lower_arm_r" parent="Actors/Actor/Model2/Armature/Skeleton3D" index="8"]
transform = Transform3D(-0.981373, -0.189608, 0.00556971, -0.0534661, 0.302888, 0.948038, -0.182203, 0.931996, -0.30743, -0.268067, 1.26162, -0.0280437)
joint_offset = Transform3D(1, 0, 0, 0, 1, 0, 0, 0, 1, -0.00124611, -0.000213202, 1.27144e-05)
body_offset = Transform3D(0.96492, 0.229129, 0.123732, 0.135004, -0.0313027, -0.987032, -0.223273, 0.970994, -0.0614606, 0.00124967, 0.000174105, -7.04229e-05)

[node name="Physical Bone upper_leg_r" parent="Actors/Actor/Model2/Armature/Skeleton3D" index="9"]
transform = Transform3D(-0.986925, -0.117749, 0.108625, 0.091073, 0.146094, 0.981641, -0.132082, 0.980621, -0.133355, -0.117097, 0.821168, 0.00600297)
joint_offset = Transform3D(1, 0, 0, 0, 1, 0, 0, 0, 1, 4.83513e-05, 2.02086e-05, 0.240887)
body_offset = Transform3D(0.99985, -7.21216e-06, -0.000171268, 1.89692e-05, 5.76377e-05, -0.996595, -3.8743e-07, 0.998412, -9.23574e-05, -7.0876e-06, 0.240067, 2.07126e-06)

[node name="Physical Bone lower_leg_r" parent="Actors/Actor/Model2/Armature/Skeleton3D" index="10"]
transform = Transform3D(-0.988177, -0.145917, 0.0494314, 0.0787756, -0.202824, 0.976048, -0.132365, 0.968324, 0.211832, -0.155421, 0.343958, -0.014134)
joint_offset = Transform3D(1, 0, 0, 0, 1, 0, 0, 0, 1, -8.16839e-07, 9.20091e-06, 0.246603)
body_offset = Transform3D(1.00008, 3.72157e-05, 3.35276e-07, -1.46404e-06, -5.99027e-06, -0.999993, 4.67896e-06, 1.00004, -6.36578e-05, 7.33882e-07, 0.246601, 6.49691e-06)

[node name="SkeletonIK3D" parent="Actors/Actor/Model2/Armature/Skeleton3D" index="11"]
target_node = NodePath("../../../../../../AimIndicator")

[node name="Actor6" parent="Actors" instance=ExtResource("1_ofkfo")]
transform = Transform3D(-0.74536, 0, -0.666663, 0, 1, 0, 0.666663, 0, -0.74536, -2.40106, 0, 5.43902)
uniform_material = ExtResource("5_vcap6")

[node name="Actor2" parent="Actors" instance=ExtResource("1_ofkfo")]
transform = Transform3D(0.291787, 0, -0.956483, 0, 1, 0, 0.956483, 0, 0.291787, 7.675, 0, -7.49206)
actor_faction = 2
uniform_material = ExtResource("6_nxp1p")

[node name="Actor3" parent="Actors" instance=ExtResource("1_ofkfo")]
transform = Transform3D(-0.230186, 0, 0.973147, 0, 1, 0, -0.973147, 0, -0.230186, -6.20343, 0, -2.84393)
actor_faction = 2
uniform_material = ExtResource("6_nxp1p")

[node name="Actor4" parent="Actors" instance=ExtResource("1_ofkfo")]
transform = Transform3D(-0.788075, 0, 0.615579, 0, 1, 0, -0.615579, 0, -0.788075, -8.06587, 0, 7.90332)
actor_faction = 2
uniform_material = ExtResource("6_nxp1p")

[node name="Actor5" parent="Actors" instance=ExtResource("1_ofkfo")]
transform = Transform3D(1, 0, 0, 0, 1, 0, 0, 0, 1, -8.3556, 0, -8.43471)
actor_faction = 3
uniform_material = ExtResource("6_iss8g")

[node name="StaticBody3D" type="StaticBody3D" parent="." groups=["ground"]]

[node name="CollisionShape3D" type="CollisionShape3D" parent="StaticBody3D"]
shape = SubResource("ConvexPolygonShape3D_q4dp1")

[node name="MoveIndicator" type="MeshInstance3D" parent="."]
mesh = SubResource("SphereMesh_g5d31")

[node name="AimIndicator" type="MeshInstance3D" parent="."]
mesh = SubResource("SphereMesh_usyuv")

[editable path="Actors/Actor"]
[editable path="Actors/Actor/Model2"]
